function [a]=alpha(T)
T=T+273.15;
a=1.156732E-5+2.324533E-9*T^1+2.517045E-12*T^2-7.894455E-16*T^3;
